0 -5 3.141593e+00
1.000000e-03 -5.000000e+00 3.141593e+00
2.000000e-03 -5.000000e+00 3.141593e+00
3.000000e-03 -5.000000e+00 3.141593e+00
4.000000e-03 -5.000000e+00 3.141593e+00
5.000000e-03 -5.000000e+00 3.141593e+00
6.000000e-03 -5.000000e+00 3.141593e+00
7.000000e-03 -4.999999e+00 3.141593e+00
8.000000e-03 -4.999999e+00 3.141594e+00
9.000000e-03 -4.999999e+00 3.141594e+00
1.000000e-02 -4.999998e+00 3.141594e+00
1.100000e-02 -4.999998e+00 3.141595e+00
1.200000e-02 -4.999997e+00 3.141596e+00
1.300000e-02 -4.999996e+00 3.141597e+00
1.400000e-02 -4.999995e+00 3.141598e+00
1.500000e-02 -4.999994e+00 3.141599e+00
1.600000e-02 -4.999993e+00 3.141600e+00
1.700000e-02 -4.999991e+00 3.141601e+00
1.800000e-02 -4.999990e+00 3.141603e+00
1.900000e-02 -4.999988e+00 3.141605e+00
2.000000e-02 -4.999986e+00 3.141607e+00
2.100000e-02 -4.999983e+00 3.141609e+00
2.200000e-02 -4.999981e+00 3.141612e+00
2.300000e-02 -4.999978e+00 3.141615e+00
2.400000e-02 -4.999975e+00 3.141618e+00
2.500000e-02 -4.999972e+00 3.141621e+00
2.600000e-02 -4.999968e+00 3.141624e+00
2.700000e-02 -4.999965e+00 3.141628e+00
2.800000e-02 -4.999961e+00 3.141632e+00
2.900000e-02 -4.999956e+00 3.141636e+00
3.000000e-02 -4.999951e+00 3.141641e+00
3.100000e-02 -4.999946e+00 3.141646e+00
3.200000e-02 -4.999941e+00 3.141652e+00
3.300000e-02 -4.999935e+00 3.141657e+00
3.400000e-02 -4.999929e+00 3.141663e+00
3.500000e-02 -4.999923e+00 3.141670e+00
3.600000e-02 -4.999916e+00 3.141676e+00
3.700000e-02 -4.999909e+00 3.141684e+00
3.800000e-02 -4.999901e+00 3.141691e+00
3.900000e-02 -4.999893e+00 3.141699e+00
4.000000e-02 -4.999885e+00 3.141708e+00
4.100000e-02 -4.999876e+00 3.141716e+00
4.200000e-02 -4.999867e+00 3.141726e+00
4.300000e-02 -4.999857e+00 3.141735e+00
4.400000e-02 -4.999847e+00 3.141746e+00
4.500000e-02 -4.999836e+00 3.141756e+00
4.600000e-02 -4.999825e+00 3.141767e+00
4.700000e-02 -4.999813e+00 3.141779e+00
4.800000e-02 -4.999801e+00 3.141791e+00
4.900000e-02 -4.999789e+00 3.141804e+00
5.000000e-02 -4.999775e+00 3.141817e+00
5.100000e-02 -4.999762e+00 3.141831e+00
5.200000e-02 -4.999747e+00 3.141845e+00
5.300000e-02 -4.999733e+00 3.141860e+00
5.400000e-02 -4.999717e+00 3.141875e+00
5.500000e-02 -4.999701e+00 3.141891e+00
5.600000e-02 -4.999684e+00 3.141908e+00
5.700000e-02 -4.999667e+00 3.141925e+00
5.800000e-02 -4.999649e+00 3.141943e+00
5.900000e-02 -4.999631e+00 3.141961e+00
6.000000e-02 -4.999612e+00 3.141980e+00
6.100000e-02 -4.999592e+00 3.142000e+00
6.200000e-02 -4.999572e+00 3.142020e+00
6.300000e-02 -4.999551e+00 3.142041e+00
6.400000e-02 -4.999529e+00 3.142063e+00
6.500000e-02 -4.999507e+00 3.142085e+00
6.600000e-02 -4.999484e+00 3.142108e+00
6.700000e-02 -4.999460e+00 3.142132e+00
6.800000e-02 -4.999435e+00 3.142156e+00
6.900000e-02 -4.999410e+00 3.142181e+00
7.000000e-02 -4.999384e+00 3.142207e+00
7.100000e-02 -4.999357e+00 3.142234e+00
7.200000e-02 -4.999330e+00 3.142261e+00
7.300000e-02 -4.999302e+00 3.142289e+00
7.400000e-02 -4.999273e+00 3.142318e+00
7.500000e-02 -4.999243e+00 3.142348e+00
7.600000e-02 -4.999212e+00 3.142378e+00
7.700000e-02 -4.999181e+00 3.142410e+00
7.800000e-02 -4.999148e+00 3.142442e+00
7.900000e-02 -4.999115e+00 3.142475e+00
8.000000e-02 -4.999081e+00 3.142509e+00
8.100000e-02 -4.999046e+00 3.142543e+00
8.200000e-02 -4.999011e+00 3.142579e+00
8.300000e-02 -4.998974e+00 3.142615e+00
8.400000e-02 -4.998937e+00 3.142652e+00
8.500000e-02 -4.998898e+00 3.142691e+00
8.600000e-02 -4.998859e+00 3.142730e+00
8.700000e-02 -4.998819e+00 3.142770e+00
8.800000e-02 -4.998778e+00 3.142811e+00
8.900000e-02 -4.998735e+00 3.142852e+00
9.000000e-02 -4.998692e+00 3.142895e+00
9.100000e-02 -4.998648e+00 3.142939e+00
9.200000e-02 -4.998603e+00 3.142983e+00
9.300000e-02 -4.998557e+00 3.143029e+00
9.400000e-02 -4.998511e+00 3.143076e+00
9.500000e-02 -4.998463e+00 3.143123e+00
9.600000e-02 -4.998414e+00 3.143172e+00
9.700000e-02 -4.998364e+00 3.143221e+00
9.800000e-02 -4.998313e+00 3.143272e+00
9.900000e-02 -4.998261e+00 3.143324e+00
1.000000e-01 -4.998207e+00 3.143376e+00
1.010000e-01 -4.998153e+00 3.143430e+00
1.020000e-01 -4.998098e+00 3.143485e+00
1.030000e-01 -4.998042e+00 3.143541e+00
1.040000e-01 -4.997984e+00 3.143598e+00
1.050000e-01 -4.997926e+00 3.143656e+00
1.060000e-01 -4.997866e+00 3.143715e+00
1.070000e-01 -4.997805e+00 3.143775e+00
1.080000e-01 -4.997743e+00 3.143837e+00
1.090000e-01 -4.997680e+00 3.143899e+00
1.100000e-01 -4.997616e+00 3.143963e+00
1.110000e-01 -4.997550e+00 3.144028e+00
1.120000e-01 -4.997484e+00 3.144094e+00
1.130000e-01 -4.997416e+00 3.144161e+00
1.140000e-01 -4.997347e+00 3.144229e+00
1.150000e-01 -4.997277e+00 3.144298e+00
1.160000e-01 -4.997205e+00 3.144369e+00
1.170000e-01 -4.997132e+00 3.144441e+00
1.180000e-01 -4.997058e+00 3.144514e+00
1.190000e-01 -4.996983e+00 3.144588e+00
1.200000e-01 -4.996907e+00 3.144664e+00
1.210000e-01 -4.996829e+00 3.144741e+00
1.220000e-01 -4.996750e+00 3.144819e+00
1.230000e-01 -4.996670e+00 3.144898e+00
1.240000e-01 -4.996588e+00 3.144979e+00
1.250000e-01 -4.996505e+00 3.145061e+00
1.260000e-01 -4.996421e+00 3.145144e+00
1.270000e-01 -4.996335e+00 3.145228e+00
1.280000e-01 -4.996248e+00 3.145314e+00
1.290000e-01 -4.996160e+00 3.145401e+00
1.300000e-01 -4.996070e+00 3.145490e+00
1.310000e-01 -4.995979e+00 3.145579e+00
1.320000e-01 -4.995887e+00 3.145671e+00
1.330000e-01 -4.995793e+00 3.145763e+00
1.340000e-01 -4.995698e+00 3.145857e+00
1.350000e-01 -4.995601e+00 3.145952e+00
1.360000e-01 -4.995503e+00 3.146049e+00
1.370000e-01 -4.995404e+00 3.146147e+00
1.380000e-01 -4.995303e+00 3.146246e+00
1.390000e-01 -4.995200e+00 3.146347e+00
1.400000e-01 -4.995096e+00 3.146449e+00
1.410000e-01 -4.994991e+00 3.146553e+00
1.420000e-01 -4.994884e+00 3.146658e+00
1.430000e-01 -4.994776e+00 3.146765e+00
1.440000e-01 -4.994666e+00 3.146873e+00
1.450000e-01 -4.994554e+00 3.146982e+00
1.460000e-01 -4.994441e+00 3.147093e+00
1.470000e-01 -4.994327e+00 3.147206e+00
1.480000e-01 -4.994211e+00 3.147320e+00
1.490000e-01 -4.994093e+00 3.147435e+00
1.500000e-01 -4.993974e+00 3.147552e+00
1.510000e-01 -4.993853e+00 3.147671e+00
1.520000e-01 -4.993731e+00 3.147791e+00
1.530000e-01 -4.993607e+00 3.147912e+00
1.540000e-01 -4.993482e+00 3.148035e+00
1.550000e-01 -4.993355e+00 3.148160e+00
1.560000e-01 -4.993226e+00 3.148286e+00
1.570000e-01 -4.993095e+00 3.148414e+00
1.580000e-01 -4.992963e+00 3.148543e+00
1.590000e-01 -4.992830e+00 3.148674e+00
1.600000e-01 -4.992694e+00 3.148807e+00
1.610000e-01 -4.992557e+00 3.148941e+00
1.620000e-01 -4.992418e+00 3.149077e+00
1.630000e-01 -4.992278e+00 3.149214e+00
1.640000e-01 -4.992136e+00 3.149353e+00
1.650000e-01 -4.991992e+00 3.149494e+00
1.660000e-01 -4.991846e+00 3.149637e+00
1.670000e-01 -4.991699e+00 3.149781e+00
1.680000e-01 -4.991550e+00 3.149926e+00
1.690000e-01 -4.991399e+00 3.150074e+00
1.700000e-01 -4.991246e+00 3.150223e+00
1.710000e-01 -4.991092e+00 3.150374e+00
1.720000e-01 -4.990935e+00 3.150526e+00
1.730000e-01 -4.990777e+00 3.150680e+00
1.740000e-01 -4.990618e+00 3.150836e+00
1.750000e-01 -4.990456e+00 3.150994e+00
1.760000e-01 -4.990292e+00 3.151153e+00
1.770000e-01 -4.990127e+00 3.151314e+00
1.780000e-01 -4.989960e+00 3.151477e+00
1.790000e-01 -4.989791e+00 3.151642e+00
1.800000e-01 -4.989620e+00 3.151808e+00
1.810000e-01 -4.989447e+00 3.151976e+00
1.820000e-01 -4.989273e+00 3.152146e+00
1.830000e-01 -4.989096e+00 3.152318e+00
1.840000e-01 -4.988918e+00 3.152491e+00
1.850000e-01 -4.988737e+00 3.152667e+00
1.860000e-01 -4.988555e+00 3.152844e+00
1.870000e-01 -4.988371e+00 3.153023e+00
1.880000e-01 -4.988185e+00 3.153204e+00
1.890000e-01 -4.987997e+00 3.153386e+00
1.900000e-01 -4.987806e+00 3.153571e+00
1.910000e-01 -4.987614e+00 3.153757e+00
1.920000e-01 -4.987420e+00 3.153945e+00
1.930000e-01 -4.987224e+00 3.154135e+00
1.940000e-01 -4.987026e+00 3.154327e+00
1.950000e-01 -4.986826e+00 3.154521e+00
1.960000e-01 -4.986624e+00 3.154717e+00
1.970000e-01 -4.986420e+00 3.154915e+00
1.980000e-01 -4.986214e+00 3.155114e+00
1.990000e-01 -4.986006e+00 3.155316e+00
2.000000e-01 -4.985795e+00 3.155519e+00
2.010000e-01 -4.985583e+00 3.155724e+00
2.020000e-01 -4.985369e+00 3.155932e+00
2.030000e-01 -4.985152e+00 3.156141e+00
2.040000e-01 -4.984934e+00 3.156352e+00
2.050000e-01 -4.984713e+00 3.156565e+00
2.060000e-01 -4.984490e+00 3.156780e+00
2.070000e-01 -4.984265e+00 3.156997e+00
2.080000e-01 -4.984038e+00 3.157217e+00
2.090000e-01 -4.983809e+00 3.157438e+00
2.100000e-01 -4.983578e+00 3.157661e+00
2.110000e-01 -4.983344e+00 3.157886e+00
2.120000e-01 -4.983108e+00 3.158113e+00
2.130000e-01 -4.982871e+00 3.158342e+00
2.140000e-01 -4.982631e+00 3.158573e+00
2.150000e-01 -4.982388e+00 3.158806e+00
2.160000e-01 -4.982144e+00 3.159041e+00
2.170000e-01 -4.981897e+00 3.159279e+00
2.180000e-01 -4.981648e+00 3.159518e+00
2.190000e-01 -4.981397e+00 3.159759e+00
2.200000e-01 -4.981144e+00 3.160003e+00
2.210000e-01 -4.980888e+00 3.160248e+00
2.220000e-01 -4.980630e+00 3.160496e+00
2.230000e-01 -4.980370e+00 3.160745e+00
2.240000e-01 -4.980107e+00 3.160997e+00
2.250000e-01 -4.979843e+00 3.161251e+00
2.260000e-01 -4.979575e+00 3.161507e+00
2.270000e-01 -4.979306e+00 3.161765e+00
2.280000e-01 -4.979034e+00 3.162025e+00
2.290000e-01 -4.978760e+00 3.162288e+00
2.300000e-01 -4.978484e+00 3.162552e+00
2.310000e-01 -4.978205e+00 3.162819e+00
2.320000e-01 -4.977924e+00 3.163087e+00
2.330000e-01 -4.977641e+00 3.163358e+00
2.340000e-01 -4.977355e+00 3.163631e+00
2.350000e-01 -4.977067e+00 3.163907e+00
2.360000e-01 -4.976776e+00 3.164184e+00
2.370000e-01 -4.976483e+00 3.164464e+00
2.380000e-01 -4.976188e+00 3.164746e+00
2.390000e-01 -4.975890e+00 3.165029e+00
2.400000e-01 -4.975589e+00 3.165316e+00
2.410000e-01 -4.975287e+00 3.165604e+00
2.420000e-01 -4.974982e+00 3.165895e+00
2.430000e-01 -4.974674e+00 3.166187e+00
2.440000e-01 -4.974364e+00 3.166482e+00
2.450000e-01 -4.974051e+00 3.166780e+00
2.460000e-01 -4.973736e+00 3.167079e+00
2.470000e-01 -4.973419e+00 3.167381e+00
2.480000e-01 -4.973099e+00 3.167685e+00
2.490000e-01 -4.972776e+00 3.167991e+00
2.500000e-01 -4.972451e+00 3.168300e+00
2.510000e-01 -4.972124e+00 3.168610e+00
2.520000e-01 -4.971794e+00 3.168923e+00
2.530000e-01 -4.971461e+00 3.169239e+00
2.540000e-01 -4.971126e+00 3.169556e+00
2.550000e-01 -4.970788e+00 3.169876e+00
2.560000e-01 -4.970448e+00 3.170198e+00
2.570000e-01 -4.970105e+00 3.170523e+00
2.580000e-01 -4.969759e+00 3.170850e+00
2.590000e-01 -4.969411e+00 3.171179e+00
2.600000e-01 -4.969061e+00 3.171510e+00
2.610000e-01 -4.968707e+00 3.171844e+00
2.620000e-01 -4.968351e+00 3.172180e+00
2.630000e-01 -4.967993e+00 3.172518e+00
2.640000e-01 -4.967631e+00 3.172859e+00
2.650000e-01 -4.967268e+00 3.173202e+00
2.660000e-01 -4.966901e+00 3.173547e+00
2.670000e-01 -4.966532e+00 3.173895e+00
2.680000e-01 -4.966160e+00 3.174245e+00
2.690000e-01 -4.965786e+00 3.174597e+00
2.700000e-01 -4.965408e+00 3.174952e+00
2.710000e-01 -4.965028e+00 3.175309e+00
2.720000e-01 -4.964646e+00 3.175669e+00
2.730000e-01 -4.964260e+00 3.176031e+00
2.740000e-01 -4.963872e+00 3.176395e+00
2.750000e-01 -4.963482e+00 3.176762e+00
2.760000e-01 -4.963088e+00 3.177131e+00
2.770000e-01 -4.962692e+00 3.177502e+00
2.780000e-01 -4.962293e+00 3.177876e+00
2.790000e-01 -4.961891e+00 3.178253e+00
2.800000e-01 -4.961486e+00 3.178631e+00
2.810000e-01 -4.961079e+00 3.179013e+00
2.820000e-01 -4.960669e+00 3.179396e+00
2.830000e-01 -4.960256e+00 3.179782e+00
2.840000e-01 -4.959840e+00 3.180171e+00
2.850000e-01 -4.959421e+00 3.180561e+00
2.860000e-01 -4.959000e+00 3.180955e+00
2.870000e-01 -4.958576e+00 3.181350e+00
2.880000e-01 -4.958149e+00 3.181749e+00
2.890000e-01 -4.957719e+00 3.182149e+00
2.900000e-01 -4.957286e+00 3.182552e+00
2.910000e-01 -4.956850e+00 3.182958e+00
2.920000e-01 -4.956412e+00 3.183366e+00
2.930000e-01 -4.955970e+00 3.183777e+00
2.940000e-01 -4.955526e+00 3.184190e+00
2.950000e-01 -4.955079e+00 3.184605e+00
2.960000e-01 -4.954628e+00 3.185023e+00
2.970000e-01 -4.954175e+00 3.185443e+00
2.980000e-01 -4.953719e+00 3.185866e+00
2.990000e-01 -4.953261e+00 3.186292e+00
3.000000e-01 -4.952799e+00 3.186720e+00
3.010000e-01 -4.952334e+00 3.187150e+00
3.020000e-01 -4.951866e+00 3.187583e+00
3.030000e-01 -4.951396e+00 3.188018e+00
3.040000e-01 -4.950922e+00 3.188456e+00
3.050000e-01 -4.950445e+00 3.188897e+00
3.060000e-01 -4.949966e+00 3.189340e+00
3.070000e-01 -4.949483e+00 3.189785e+00
3.080000e-01 -4.948997e+00 3.190233e+00
3.090000e-01 -4.948509e+00 3.190684e+00
3.100000e-01 -4.948017e+00 3.191137e+00
3.110000e-01 -4.947522e+00 3.191592e+00
3.120000e-01 -4.947025e+00 3.192051e+00
3.130000e-01 -4.946524e+00 3.192511e+00
3.140000e-01 -4.946020e+00 3.192975e+00
3.150000e-01 -4.945513e+00 3.193440e+00
3.160000e-01 -4.945003e+00 3.193909e+00
3.170000e-01 -4.944490e+00 3.194380e+00
3.180000e-01 -4.943974e+00 3.194853e+00
3.190000e-01 -4.943455e+00 3.195329e+00
3.200000e-01 -4.942933e+00 3.195808e+00
3.210000e-01 -4.942407e+00 3.196289e+00
3.220000e-01 -4.941879e+00 3.196773e+00
3.230000e-01 -4.941347e+00 3.197259e+00
3.240000e-01 -4.940813e+00 3.197748e+00
3.250000e-01 -4.940275e+00 3.198239e+00
3.260000e-01 -4.939734e+00 3.198733e+00
3.270000e-01 -4.939190e+00 3.199230e+00
3.280000e-01 -4.938642e+00 3.199729e+00
3.290000e-01 -4.938092e+00 3.200231e+00
3.300000e-01 -4.937538e+00 3.200735e+00
3.310000e-01 -4.936981e+00 3.201242e+00
3.320000e-01 -4.936421e+00 3.201752e+00
3.330000e-01 -4.935858e+00 3.202264e+00
3.340000e-01 -4.935292e+00 3.202779e+00
3.350000e-01 -4.934722e+00 3.203296e+00
3.360000e-01 -4.934149e+00 3.203816e+00
3.370000e-01 -4.933573e+00 3.204339e+00
3.380000e-01 -4.932994e+00 3.204864e+00
3.390000e-01 -4.932412e+00 3.205392e+00
3.400000e-01 -4.931826e+00 3.205922e+00
3.410000e-01 -4.931237e+00 3.206455e+00
3.420000e-01 -4.930645e+00 3.206991e+00
3.430000e-01 -4.930049e+00 3.207529e+00
3.440000e-01 -4.929450e+00 3.208070e+00
3.450000e-01 -4.928848e+00 3.208613e+00
3.460000e-01 -4.928243e+00 3.209159e+00
3.470000e-01 -4.927634e+00 3.209708e+00
3.480000e-01 -4.927022e+00 3.210260e+00
3.490000e-01 -4.926407e+00 3.210814e+00
3.500000e-01 -4.925788e+00 3.211370e+00
3.510000e-01 -4.925166e+00 3.211929e+00
3.520000e-01 -4.924541e+00 3.212491e+00
3.530000e-01 -4.923913e+00 3.213056e+00
3.540000e-01 -4.923281e+00 3.213623e+00
3.550000e-01 -4.922645e+00 3.214193e+00
3.560000e-01 -4.922007e+00 3.214765e+00
3.570000e-01 -4.921365e+00 3.215340e+00
3.580000e-01 -4.920719e+00 3.215918e+00
3.590000e-01 -4.920071e+00 3.216498e+00
3.600000e-01 -4.919418e+00 3.217081e+00
3.610000e-01 -4.918763e+00 3.217667e+00
3.620000e-01 -4.918104e+00 3.218255e+00
3.630000e-01 -4.917442e+00 3.218846e+00
3.640000e-01 -4.916776e+00 3.219440e+00
3.650000e-01 -4.916107e+00 3.220036e+00
3.660000e-01 -4.915434e+00 3.220635e+00
3.670000e-01 -4.914758e+00 3.221237e+00
3.680000e-01 -4.914079e+00 3.221841e+00
3.690000e-01 -4.913396e+00 3.222448e+00
3.700000e-01 -4.912709e+00 3.223057e+00
3.710000e-01 -4.912019e+00 3.223669e+00
3.720000e-01 -4.911326e+00 3.224284e+00
3.730000e-01 -4.910629e+00 3.224901e+00
3.740000e-01 -4.909929e+00 3.225522e+00
3.750000e-01 -4.909225e+00 3.226144e+00
3.760000e-01 -4.908518e+00 3.226770e+00
3.770000e-01 -4.907807e+00 3.227398e+00
3.780000e-01 -4.907093e+00 3.228028e+00
3.790000e-01 -4.906375e+00 3.228662e+00
3.800000e-01 -4.905654e+00 3.229298e+00
3.810000e-01 -4.904929e+00 3.229936e+00
3.820000e-01 -4.904201e+00 3.230578e+00
3.830000e-01 -4.903469e+00 3.231222e+00
3.840000e-01 -4.902734e+00 3.231868e+00
3.850000e-01 -4.901995e+00 3.232518e+00
3.860000e-01 -4.901252e+00 3.233170e+00
3.870000e-01 -4.900506e+00 3.233824e+00
3.880000e-01 -4.899756e+00 3.234481e+00
3.890000e-01 -4.899003e+00 3.235141e+00
3.900000e-01 -4.898246e+00 3.235804e+00
3.910000e-01 -4.897486e+00 3.236469e+00
3.920000e-01 -4.896722e+00 3.237137e+00
3.930000e-01 -4.895954e+00 3.237807e+00
3.940000e-01 -4.895183e+00 3.238480e+00
3.950000e-01 -4.894408e+00 3.239156e+00
3.960000e-01 -4.893630e+00 3.239835e+00
3.970000e-01 -4.892847e+00 3.240516e+00
3.980000e-01 -4.892062e+00 3.241199e+00
3.990000e-01 -4.891272e+00 3.241886e+00
4.000000e-01 -4.890479e+00 3.242575e+00
4.010000e-01 -4.889683e+00 3.243267e+00
4.020000e-01 -4.888882e+00 3.243961e+00
4.030000e-01 -4.888078e+00 3.244658e+00
4.040000e-01 -4.887271e+00 3.245357e+00
4.050000e-01 -4.886459e+00 3.246060e+00
4.060000e-01 -4.885644e+00 3.246764e+00
4.070000e-01 -4.884826e+00 3.247472e+00
4.080000e-01 -4.884003e+00 3.248182e+00
4.090000e-01 -4.883177e+00 3.248895e+00
4.100000e-01 -4.882347e+00 3.249610e+00
4.110000e-01 -4.881514e+00 3.250328e+00
4.120000e-01 -4.880677e+00 3.251049e+00
4.130000e-01 -4.879836e+00 3.251772e+00
4.140000e-01 -4.878991e+00 3.252498e+00
4.150000e-01 -4.878143e+00 3.253227e+00
4.160000e-01 -4.877290e+00 3.253958e+00
4.170000e-01 -4.876435e+00 3.254692e+00
4.180000e-01 -4.875575e+00 3.255428e+00
4.190000e-01 -4.874711e+00 3.256167e+00
4.200000e-01 -4.873844e+00 3.256909e+00
4.210000e-01 -4.872973e+00 3.257653e+00
4.220000e-01 -4.872099e+00 3.258400e+00
4.230000e-01 -4.871220e+00 3.259150e+00
4.240000e-01 -4.870338e+00 3.259902e+00
4.250000e-01 -4.869452e+00 3.260656e+00
4.260000e-01 -4.868562e+00 3.261414e+00
4.270000e-01 -4.867668e+00 3.262174e+00
4.280000e-01 -4.866771e+00 3.262936e+00
4.290000e-01 -4.865869e+00 3.263701e+00
4.300000e-01 -4.864964e+00 3.264469e+00
4.310000e-01 -4.864055e+00 3.265239e+00
4.320000e-01 -4.863143e+00 3.266012e+00
4.330000e-01 -4.862226e+00 3.266788e+00
4.340000e-01 -4.861306e+00 3.267566e+00
4.350000e-01 -4.860381e+00 3.268346e+00
4.360000e-01 -4.859453e+00 3.269130e+00
4.370000e-01 -4.858521e+00 3.269915e+00
4.380000e-01 -4.857585e+00 3.270704e+00
4.390000e-01 -4.856646e+00 3.271495e+00
4.400000e-01 -4.855702e+00 3.272288e+00
4.410000e-01 -4.854755e+00 3.273084e+00
4.420000e-01 -4.853803e+00 3.273883e+00
4.430000e-01 -4.852848e+00 3.274684e+00
4.440000e-01 -4.851889e+00 3.275488e+00
4.450000e-01 -4.850926e+00 3.276294e+00
4.460000e-01 -4.849959e+00 3.277103e+00
4.470000e-01 -4.848988e+00 3.277915e+00
4.480000e-01 -4.848013e+00 3.278729e+00
4.490000e-01 -4.847035e+00 3.279545e+00
4.500000e-01 -4.846052e+00 3.280364e+00
4.510000e-01 -4.845065e+00 3.281186e+00
4.520000e-01 -4.844075e+00 3.282010e+00
4.530000e-01 -4.843081e+00 3.282836e+00
4.540000e-01 -4.842082e+00 3.283666e+00
4.550000e-01 -4.841080e+00 3.284497e+00
4.560000e-01 -4.840074e+00 3.285331e+00
4.570000e-01 -4.839063e+00 3.286168e+00
4.580000e-01 -4.838049e+00 3.287007e+00
4.590000e-01 -4.837031e+00 3.287849e+00
4.600000e-01 -4.836009e+00 3.288693e+00
4.610000e-01 -4.834983e+00 3.289540e+00
4.620000e-01 -4.833953e+00 3.290389e+00
4.630000e-01 -4.832919e+00 3.291241e+00
4.640000e-01 -4.831881e+00 3.292095e+00
4.650000e-01 -4.830839e+00 3.292952e+00
4.660000e-01 -4.829793e+00 3.293811e+00
4.670000e-01 -4.828742e+00 3.294673e+00
4.680000e-01 -4.827688e+00 3.295537e+00
4.690000e-01 -4.826630e+00 3.296403e+00
4.700000e-01 -4.825568e+00 3.297272e+00
4.710000e-01 -4.824502e+00 3.298144e+00
4.720000e-01 -4.823432e+00 3.299018e+00
4.730000e-01 -4.822358e+00 3.299894e+00
4.740000e-01 -4.821279e+00 3.300773e+00
4.750000e-01 -4.820197e+00 3.301654e+00
4.760000e-01 -4.819111e+00 3.302538e+00
4.770000e-01 -4.818020e+00 3.303424e+00
4.780000e-01 -4.816926e+00 3.304313e+00
4.790000e-01 -4.815827e+00 3.305204e+00
4.800000e-01 -4.814725e+00 3.306097e+00
4.810000e-01 -4.813618e+00 3.306993e+00
4.820000e-01 -4.812507e+00 3.307891e+00
4.830000e-01 -4.811392e+00 3.308792e+00
4.840000e-01 -4.810273e+00 3.309695e+00
4.850000e-01 -4.809150e+00 3.310600e+00
4.860000e-01 -4.808023e+00 3.311508e+00
4.870000e-01 -4.806892e+00 3.312418e+00
4.880000e-01 -4.805757e+00 3.313331e+00
4.890000e-01 -4.804617e+00 3.314246e+00
4.900000e-01 -4.803474e+00 3.315163e+00
4.910000e-01 -4.802326e+00 3.316083e+00
4.920000e-01 -4.801174e+00 3.317005e+00
4.930000e-01 -4.800018e+00 3.317929e+00
4.940000e-01 -4.798858e+00 3.318856e+00
4.950000e-01 -4.797694e+00 3.319785e+00
4.960000e-01 -4.796526e+00 3.320716e+00
4.970000e-01 -4.795353e+00 3.321650e+00
4.980000e-01 -4.794177e+00 3.322586e+00
4.990000e-01 -4.792996e+00 3.323524e+00
5.000000e-01 -4.791811e+00 3.324465e+00
5.010000e-01 -4.790622e+00 3.325408e+00
5.020000e-01 -4.789429e+00 3.326353e+00
5.030000e-01 -4.788231e+00 3.327301e+00
5.040000e-01 -4.787030e+00 3.328251e+00
5.050000e-01 -4.785824e+00 3.329203e+00
5.060000e-01 -4.784614e+00 3.330157e+00
5.070000e-01 -4.783400e+00 3.331114e+00
5.080000e-01 -4.782182e+00 3.332073e+00
5.090000e-01 -4.780959e+00 3.333034e+00
5.100000e-01 -4.779732e+00 3.333998e+00
5.110000e-01 -4.778501e+00 3.334964e+00
5.120000e-01 -4.777266e+00 3.335931e+00
5.130000e-01 -4.776027e+00 3.336902e+00
5.140000e-01 -4.774783e+00 3.337874e+00
5.150000e-01 -4.773536e+00 3.338849e+00
5.160000e-01 -4.772284e+00 3.339826e+00
5.170000e-01 -4.771027e+00 3.340805e+00
5.180000e-01 -4.769767e+00 3.341786e+00
5.190000e-01 -4.768502e+00 3.342770e+00
5.200000e-01 -4.767233e+00 3.343755e+00
5.210000e-01 -4.765960e+00 3.344743e+00
5.220000e-01 -4.764683e+00 3.345733e+00
5.230000e-01 -4.763401e+00 3.346726e+00
5.240000e-01 -4.762115e+00 3.347720e+00
5.250000e-01 -4.760825e+00 3.348717e+00
5.260000e-01 -4.759530e+00 3.349715e+00
5.270000e-01 -4.758232e+00 3.350716e+00
5.280000e-01 -4.756929e+00 3.351719e+00
5.290000e-01 -4.755621e+00 3.352725e+00
5.300000e-01 -4.754310e+00 3.353732e+00
5.310000e-01 -4.752994e+00 3.354741e+00
5.320000e-01 -4.751674e+00 3.355753e+00
5.330000e-01 -4.750349e+00 3.356767e+00
5.340000e-01 -4.749021e+00 3.357782e+00
5.350000e-01 -4.747688e+00 3.358800e+00
5.360000e-01 -4.746350e+00 3.359820e+00
5.370000e-01 -4.745009e+00 3.360842e+00
5.380000e-01 -4.743663e+00 3.361866e+00
5.390000e-01 -4.742313e+00 3.362892e+00
5.400000e-01 -4.740958e+00 3.363921e+00
5.410000e-01 -4.739599e+00 3.364951e+00
5.420000e-01 -4.738236e+00 3.365983e+00
5.430000e-01 -4.736868e+00 3.367018e+00
5.440000e-01 -4.735496e+00 3.368054e+00
5.450000e-01 -4.734120e+00 3.369092e+00
5.460000e-01 -4.732740e+00 3.370133e+00
5.470000e-01 -4.731355e+00 3.371175e+00
5.480000e-01 -4.729965e+00 3.372220e+00
5.490000e-01 -4.728572e+00 3.373266e+00
5.500000e-01 -4.727174e+00 3.374315e+00
5.510000e-01 -4.725772e+00 3.375365e+00
5.520000e-01 -4.724365e+00 3.376417e+00
5.530000e-01 -4.722954e+00 3.377472e+00
5.540000e-01 -4.721538e+00 3.378528e+00
5.550000e-01 -4.720119e+00 3.379586e+00
5.560000e-01 -4.718694e+00 3.380647e+00
5.570000e-01 -4.717266e+00 3.381709e+00
5.580000e-01 -4.715833e+00 3.382773e+00
5.590000e-01 -4.714395e+00 3.383839e+00
5.600000e-01 -4.712954e+00 3.384907e+00
5.610000e-01 -4.711507e+00 3.385976e+00
5.620000e-01 -4.710057e+00 3.387048e+00
5.630000e-01 -4.708602e+00 3.388122e+00
5.640000e-01 -4.707143e+00 3.389197e+00
5.650000e-01 -4.705679e+00 3.390275e+00
5.660000e-01 -4.704211e+00 3.391354e+00
5.670000e-01 -4.702738e+00 3.392435e+00
5.680000e-01 -4.701261e+00 3.393518e+00
5.690000e-01 -4.699779e+00 3.394603e+00
5.700000e-01 -4.698293e+00 3.395689e+00
5.710000e-01 -4.696803e+00 3.396778e+00
5.720000e-01 -4.695308e+00 3.397868e+00
5.730000e-01 -4.693809e+00 3.398960e+00
5.740000e-01 -4.692305e+00 3.400054e+00
5.750000e-01 -4.690797e+00 3.401150e+00
5.760000e-01 -4.689284e+00 3.402247e+00
5.770000e-01 -4.687767e+00 3.403347e+00
5.780000e-01 -4.686246e+00 3.404448e+00
5.790000e-01 -4.684720e+00 3.405551e+00
5.800000e-01 -4.683189e+00 3.406655e+00
5.810000e-01 -4.681654e+00 3.407761e+00
5.820000e-01 -4.680115e+00 3.408869e+00
5.830000e-01 -4.678571e+00 3.409979e+00
5.840000e-01 -4.677023e+00 3.411091e+00
5.850000e-01 -4.675470e+00 3.412204e+00
5.860000e-01 -4.673912e+00 3.413319e+00
5.870000e-01 -4.672350e+00 3.414436e+00
5.880000e-01 -4.670784e+00 3.415554e+00
5.890000e-01 -4.669213e+00 3.416674e+00
5.900000e-01 -4.667638e+00 3.417796e+00
5.910000e-01 -4.666058e+00 3.418919e+00
5.920000e-01 -4.664473e+00 3.420044e+00
5.930000e-01 -4.662884e+00 3.421171e+00
5.940000e-01 -4.661291e+00 3.422299e+00
5.950000e-01 -4.659693e+00 3.423429e+00
5.960000e-01 -4.658090e+00 3.424561e+00
5.970000e-01 -4.656483e+00 3.425694e+00
5.980000e-01 -4.654871e+00 3.426829e+00
5.990000e-01 -4.653255e+00 3.427965e+00
6.000000e-01 -4.651634e+00 3.429103e+00
6.010000e-01 -4.650009e+00 3.430243e+00
6.020000e-01 -4.648379e+00 3.431384e+00
6.030000e-01 -4.646745e+00 3.432527e+00
6.040000e-01 -4.645106e+00 3.433671e+00
6.050000e-01 -4.643462e+00 3.434817e+00
6.060000e-01 -4.641814e+00 3.435965e+00
6.070000e-01 -4.640161e+00 3.437113e+00
6.080000e-01 -4.638504e+00 3.438264e+00
6.090000e-01 -4.636842e+00 3.439416e+00
6.100000e-01 -4.635176e+00 3.440569e+00
6.110000e-01 -4.633505e+00 3.441724e+00
6.120000e-01 -4.631829e+00 3.442881e+00
6.130000e-01 -4.630149e+00 3.444039e+00
6.140000e-01 -4.628464e+00 3.445198e+00
6.150000e-01 -4.626774e+00 3.446359e+00
6.160000e-01 -4.625080e+00 3.447522e+00
6.170000e-01 -4.623382e+00 3.448686e+00
6.180000e-01 -4.621678e+00 3.449851e+00
6.190000e-01 -4.619970e+00 3.451018e+00
6.200000e-01 -4.618258e+00 3.452186e+00
6.210000e-01 -4.616540e+00 3.453355e+00
6.220000e-01 -4.614818e+00 3.454526e+00
6.230000e-01 -4.613092e+00 3.455699e+00
6.240000e-01 -4.611361e+00 3.456872e+00
6.250000e-01 -4.609625e+00 3.458048e+00
6.260000e-01 -4.607884e+00 3.459224e+00
6.270000e-01 -4.606139e+00 3.460402e+00
6.280000e-01 -4.604389e+00 3.461581e+00
6.290000e-01 -4.602635e+00 3.462762e+00
6.300000e-01 -4.600876e+00 3.463944e+00
6.310000e-01 -4.599112e+00 3.465127e+00
6.320000e-01 -4.597343e+00 3.466312e+00
6.330000e-01 -4.595570e+00 3.467498e+00
6.340000e-01 -4.593792e+00 3.468685e+00
6.350000e-01 -4.592009e+00 3.469873e+00
6.360000e-01 -4.590222e+00 3.471063e+00
6.370000e-01 -4.588430e+00 3.472254e+00
6.380000e-01 -4.586633e+00 3.473447e+00
6.390000e-01 -4.584832e+00 3.474640e+00
6.400000e-01 -4.583026e+00 3.475835e+00
6.410000e-01 -4.581215e+00 3.477031e+00
6.420000e-01 -4.579399e+00 3.478228e+00
6.430000e-01 -4.577579e+00 3.479427e+00
6.440000e-01 -4.575754e+00 3.480627e+00
6.450000e-01 -4.573924e+00 3.481828e+00
6.460000e-01 -4.572089e+00 3.483030e+00
6.470000e-01 -4.570250e+00 3.484233e+00
6.480000e-01 -4.568406e+00 3.485438e+00
6.490000e-01 -4.566557e+00 3.486644e+00
6.500000e-01 -4.564703e+00 3.487851e+00
6.510000e-01 -4.562845e+00 3.489059e+00
6.520000e-01 -4.560981e+00 3.490268e+00
6.530000e-01 -4.559114e+00 3.491478e+00
6.540000e-01 -4.557241e+00 3.492690e+00
6.550000e-01 -4.555363e+00 3.493903e+00
6.560000e-01 -4.553481e+00 3.495116e+00
6.570000e-01 -4.551594e+00 3.496331e+00
6.580000e-01 -4.549702e+00 3.497547e+00
6.590000e-01 -4.547805e+00 3.498764e+00
6.600000e-01 -4.545903e+00 3.499982e+00
6.610000e-01 -4.543997e+00 3.501202e+00
6.620000e-01 -4.542086e+00 3.502422e+00
6.630000e-01 -4.540170e+00 3.503643e+00
6.640000e-01 -4.538249e+00 3.504866e+00
6.650000e-01 -4.536323e+00 3.506089e+00
6.660000e-01 -4.534392e+00 3.507314e+00
6.670000e-01 -4.532457e+00 3.508539e+00
6.680000e-01 -4.530516e+00 3.509766e+00
6.690000e-01 -4.528571e+00 3.510993e+00
6.700000e-01 -4.526621e+00 3.512222e+00
6.710000e-01 -4.524666e+00 3.513451e+00
6.720000e-01 -4.522706e+00 3.514682e+00
6.730000e-01 -4.520742e+00 3.515913e+00
6.740000e-01 -4.518772e+00 3.517146e+00
6.750000e-01 -4.516798e+00 3.518379e+00
6.760000e-01 -4.514818e+00 3.519613e+00
6.770000e-01 -4.512834e+00 3.520849e+00
6.780000e-01 -4.510845e+00 3.522085e+00
6.790000e-01 -4.508851e+00 3.523322e+00
6.800000e-01 -4.506852e+00 3.524560e+00
6.810000e-01 -4.504848e+00 3.525799e+00
6.820000e-01 -4.502839e+00 3.527039e+00
6.830000e-01 -4.500825e+00 3.528280e+00
6.840000e-01 -4.498806e+00 3.529521e+00
6.850000e-01 -4.496782e+00 3.530764e+00
6.860000e-01 -4.494753e+00 3.532007e+00
6.870000e-01 -4.492720e+00 3.533251e+00
6.880000e-01 -4.490681e+00 3.534497e+00
6.890000e-01 -4.488637e+00 3.535742e+00
6.900000e-01 -4.486589e+00 3.536989e+00
6.910000e-01 -4.484535e+00 3.538237e+00
6.920000e-01 -4.482477e+00 3.539485e+00
6.930000e-01 -4.480413e+00 3.540734e+00
6.940000e-01 -4.478344e+00 3.541984e+00
6.950000e-01 -4.476271e+00 3.543235e+00
6.960000e-01 -4.474192e+00 3.544487e+00
6.970000e-01 -4.472108e+00 3.545739e+00
6.980000e-01 -4.470020e+00 3.546992e+00
6.990000e-01 -4.467926e+00 3.548246e+00
7.000000e-01 -4.465827e+00 3.549501e+00
7.010000e-01 -4.463723e+00 3.550756e+00
7.020000e-01 -4.461615e+00 3.552012e+00
7.030000e-01 -4.459501e+00 3.553269e+00
7.040000e-01 -4.457382e+00 3.554527e+00
7.050000e-01 -4.455257e+00 3.555785e+00
7.060000e-01 -4.453128e+00 3.557044e+00
7.070000e-01 -4.450994e+00 3.558304e+00
7.080000e-01 -4.448855e+00 3.559564e+00
7.090000e-01 -4.446710e+00 3.560825e+00
7.100000e-01 -4.444561e+00 3.562087e+00
7.110000e-01 -4.442406e+00 3.563349e+00
7.120000e-01 -4.440246e+00 3.564612e+00
7.130000e-01 -4.438081e+00 3.565876e+00
7.140000e-01 -4.435911e+00 3.567140e+00
7.150000e-01 -4.433736e+00 3.568405e+00
7.160000e-01 -4.431556e+00 3.569671e+00
7.170000e-01 -4.429370e+00 3.570937e+00
7.180000e-01 -4.427179e+00 3.572204e+00
7.190000e-01 -4.424983e+00 3.573472e+00
7.200000e-01 -4.422782e+00 3.574740e+00
7.210000e-01 -4.420576e+00 3.576008e+00
7.220000e-01 -4.418365e+00 3.577277e+00
7.230000e-01 -4.416148e+00 3.578547e+00
7.240000e-01 -4.413926e+00 3.579818e+00
7.250000e-01 -4.411699e+00 3.581089e+00
7.260000e-01 -4.409467e+00 3.582360e+00
7.270000e-01 -4.407229e+00 3.583632e+00
7.280000e-01 -4.404987e+00 3.584905e+00
7.290000e-01 -4.402739e+00 3.586178e+00
7.300000e-01 -4.400486e+00 3.587451e+00
7.310000e-01 -4.398227e+00 3.588725e+00
7.320000e-01 -4.395963e+00 3.590000e+00
7.330000e-01 -4.393694e+00 3.591275e+00
7.340000e-01 -4.391420e+00 3.592551e+00
7.350000e-01 -4.389140e+00 3.593827e+00
7.360000e-01 -4.386855e+00 3.595103e+00
7.370000e-01 -4.384565e+00 3.596380e+00
7.380000e-01 -4.382270e+00 3.597658e+00
7.390000e-01 -4.379969e+00 3.598936e+00
7.400000e-01 -4.377663e+00 3.600214e+00
7.410000e-01 -4.375351e+00 3.601493e+00
7.420000e-01 -4.373034e+00 3.602772e+00
7.430000e-01 -4.370712e+00 3.604052e+00
7.440000e-01 -4.368385e+00 3.605332e+00
7.450000e-01 -4.366052e+00 3.606613e+00
7.460000e-01 -4.363714e+00 3.607894e+00
7.470000e-01 -4.361370e+00 3.609175e+00
7.480000e-01 -4.359021e+00 3.610457e+00
7.490000e-01 -4.356666e+00 3.611739e+00
7.500000e-01 -4.354306e+00 3.613021e+00
7.510000e-01 -4.351941e+00 3.614304e+00
7.520000e-01 -4.349570e+00 3.615588e+00
7.530000e-01 -4.347194e+00 3.616871e+00
7.540000e-01 -4.344813e+00 3.618155e+00
7.550000e-01 -4.342426e+00 3.619439e+00
7.560000e-01 -4.340033e+00 3.620724e+00
7.570000e-01 -4.337635e+00 3.622009e+00
7.580000e-01 -4.335232e+00 3.623294e+00
7.590000e-01 -4.332823e+00 3.624580e+00
7.600000e-01 -4.330408e+00 3.625866e+00
7.610000e-01 -4.327988e+00 3.627152e+00
7.620000e-01 -4.325563e+00 3.628439e+00
7.630000e-01 -4.323132e+00 3.629726e+00
7.640000e-01 -4.320695e+00 3.631013e+00
7.650000e-01 -4.318253e+00 3.632300e+00
7.660000e-01 -4.315805e+00 3.633588e+00
7.670000e-01 -4.313352e+00 3.634876e+00
7.680000e-01 -4.310894e+00 3.636164e+00
7.690000e-01 -4.308429e+00 3.637452e+00
7.700000e-01 -4.305959e+00 3.638741e+00
7.710000e-01 -4.303484e+00 3.640030e+00
7.720000e-01 -4.301003e+00 3.641319e+00
7.730000e-01 -4.298516e+00 3.642608e+00
7.740000e-01 -4.296024e+00 3.643898e+00
7.750000e-01 -4.293526e+00 3.645188e+00
7.760000e-01 -4.291022e+00 3.646478e+00
7.770000e-01 -4.288513e+00 3.647768e+00
7.780000e-01 -4.285998e+00 3.649058e+00
7.790000e-01 -4.283477e+00 3.650349e+00
7.800000e-01 -4.280951e+00 3.651640e+00
7.810000e-01 -4.278419e+00 3.652931e+00
7.820000e-01 -4.275881e+00 3.654222e+00
7.830000e-01 -4.273338e+00 3.655513e+00
7.840000e-01 -4.270789e+00 3.656805e+00
7.850000e-01 -4.268234e+00 3.658096e+00
7.860000e-01 -4.265673e+00 3.659388e+00
7.870000e-01 -4.263107e+00 3.660680e+00
7.880000e-01 -4.260535e+00 3.661972e+00
7.890000e-01 -4.257957e+00 3.663264e+00
7.900000e-01 -4.255373e+00 3.664557e+00
7.910000e-01 -4.252784e+00 3.665849e+00
7.920000e-01 -4.250188e+00 3.667142e+00
7.930000e-01 -4.247587e+00 3.668434e+00
7.940000e-01 -4.244981e+00 3.669727e+00
7.950000e-01 -4.242368e+00 3.671020e+00
7.960000e-01 -4.239749e+00 3.672313e+00
7.970000e-01 -4.237125e+00 3.673606e+00
7.980000e-01 -4.234494e+00 3.674899e+00
7.990000e-01 -4.231858e+00 3.676192e+00
8.000000e-01 -4.229216e+00 3.677485e+00
8.010000e-01 -4.226568e+00 3.678779e+00
8.020000e-01 -4.223914e+00 3.680072e+00
8.030000e-01 -4.221255e+00 3.681365e+00
8.040000e-01 -4.218589e+00 3.682659e+00
8.050000e-01 -4.215917e+00 3.683952e+00
8.060000e-01 -4.213240e+00 3.685246e+00
8.070000e-01 -4.210556e+00 3.686540e+00
8.080000e-01 -4.207866e+00 3.687833e+00
8.090000e-01 -4.205171e+00 3.689127e+00
8.100000e-01 -4.202469e+00 3.690420e+00
8.110000e-01 -4.199762e+00 3.691714e+00
8.120000e-01 -4.197048e+00 3.693008e+00
8.130000e-01 -4.194328e+00 3.694301e+00
8.140000e-01 -4.191603e+00 3.695595e+00
8.150000e-01 -4.188871e+00 3.696889e+00
8.160000e-01 -4.186133e+00 3.698182e+00
8.170000e-01 -4.183389e+00 3.699476e+00
8.180000e-01 -4.180640e+00 3.700769e+00
8.190000e-01 -4.177883e+00 3.702063e+00
8.200000e-01 -4.175121e+00 3.703356e+00
8.210000e-01 -4.172353e+00 3.704650e+00
8.220000e-01 -4.169579e+00 3.705943e+00
8.230000e-01 -4.166798e+00 3.707237e+00
8.240000e-01 -4.164011e+00 3.708530e+00
8.250000e-01 -4.161218e+00 3.709823e+00
8.260000e-01 -4.158419e+00 3.711116e+00
8.270000e-01 -4.155614e+00 3.712410e+00
8.280000e-01 -4.152802e+00 3.713703e+00
8.290000e-01 -4.149985e+00 3.714995e+00
8.300000e-01 -4.147161e+00 3.716288e+00
8.310000e-01 -4.144330e+00 3.717581e+00
8.320000e-01 -4.141494e+00 3.718874e+00
8.330000e-01 -4.138651e+00 3.720166e+00
8.340000e-01 -4.135802e+00 3.721459e+00
8.350000e-01 -4.132947e+00 3.722751e+00
8.360000e-01 -4.130085e+00 3.724044e+00
8.370000e-01 -4.127217e+00 3.725336e+00
8.380000e-01 -4.124343e+00 3.726628e+00
8.390000e-01 -4.121462e+00 3.727920e+00
8.400000e-01 -4.118575e+00 3.729211e+00
8.410000e-01 -4.115682e+00 3.730503e+00
8.420000e-01 -4.112782e+00 3.731795e+00
8.430000e-01 -4.109876e+00 3.733086e+00
8.440000e-01 -4.106964e+00 3.734377e+00
8.450000e-01 -4.104045e+00 3.735668e+00
8.460000e-01 -4.101119e+00 3.736959e+00
8.470000e-01 -4.098187e+00 3.738250e+00
8.480000e-01 -4.095249e+00 3.739540e+00
8.490000e-01 -4.092304e+00 3.740831e+00
8.500000e-01 -4.089353e+00 3.742121e+00
8.510000e-01 -4.086395e+00 3.743411e+00
8.520000e-01 -4.083431e+00 3.744701e+00
8.530000e-01 -4.080460e+00 3.745991e+00
8.540000e-01 -4.077482e+00 3.747280e+00
8.550000e-01 -4.074498e+00 3.748569e+00
8.560000e-01 -4.071508e+00 3.749859e+00
8.570000e-01 -4.068511e+00 3.751147e+00
8.580000e-01 -4.065507e+00 3.752436e+00
8.590000e-01 -4.062496e+00 3.753725e+00
8.600000e-01 -4.059479e+00 3.755013e+00
8.610000e-01 -4.056456e+00 3.756301e+00
8.620000e-01 -4.053426e+00 3.757589e+00
8.630000e-01 -4.050389e+00 3.758876e+00
8.640000e-01 -4.047345e+00 3.760164e+00
8.650000e-01 -4.044295e+00 3.761451e+00
8.660000e-01 -4.041238e+00 3.762738e+00
8.670000e-01 -4.038174e+00 3.764025e+00
8.680000e-01 -4.035103e+00 3.765311e+00
8.690000e-01 -4.032026e+00 3.766597e+00
8.700000e-01 -4.028942e+00 3.767883e+00
8.710000e-01 -4.025851e+00 3.769169e+00
8.720000e-01 -4.022754e+00 3.770454e+00
8.730000e-01 -4.019649e+00 3.771739e+00
8.740000e-01 -4.016538e+00 3.773024e+00
8.750000e-01 -4.013420e+00 3.774309e+00
8.760000e-01 -4.010295e+00 3.775593e+00
8.770000e-01 -4.007163e+00 3.776877e+00
8.780000e-01 -4.004025e+00 3.778161e+00
8.790000e-01 -4.000879e+00 3.779445e+00
8.800000e-01 -3.997726e+00 3.780728e+00
8.810000e-01 -3.994567e+00 3.782011e+00
8.820000e-01 -3.991401e+00 3.783294e+00
8.830000e-01 -3.988227e+00 3.784576e+00
8.840000e-01 -3.985047e+00 3.785858e+00
8.850000e-01 -3.981860e+00 3.787140e+00
8.860000e-01 -3.978665e+00 3.788421e+00
8.870000e-01 -3.975464e+00 3.789702e+00
8.880000e-01 -3.972256e+00 3.790983e+00
8.890000e-01 -3.969040e+00 3.792264e+00
8.900000e-01 -3.965818e+00 3.793544e+00
8.910000e-01 -3.962588e+00 3.794824e+00
8.920000e-01 -3.959352e+00 3.796103e+00
8.930000e-01 -3.956108e+00 3.797382e+00
8.940000e-01 -3.952857e+00 3.798661e+00
8.950000e-01 -3.949599e+00 3.799940e+00
8.960000e-01 -3.946334e+00 3.801218e+00
8.970000e-01 -3.943061e+00 3.802496e+00
8.980000e-01 -3.939782e+00 3.803773e+00
8.990000e-01 -3.936495e+00 3.805050e+00
9.000000e-01 -3.933201e+00 3.806327e+00
9.010000e-01 -3.929900e+00 3.807604e+00
9.020000e-01 -3.926591e+00 3.808880e+00
9.030000e-01 -3.923276e+00 3.810156e+00
9.040000e-01 -3.919953e+00 3.811431e+00
9.050000e-01 -3.916622e+00 3.812706e+00
9.060000e-01 -3.913285e+00 3.813981e+00
9.070000e-01 -3.909940e+00 3.815255e+00
9.080000e-01 -3.906587e+00 3.816529e+00
9.090000e-01 -3.903228e+00 3.817802e+00
9.100000e-01 -3.899861e+00 3.819075e+00
9.110000e-01 -3.896486e+00 3.820348e+00
9.120000e-01 -3.893104e+00 3.821620e+00
9.130000e-01 -3.889715e+00 3.822892e+00
9.140000e-01 -3.886318e+00 3.824164e+00
9.150000e-01 -3.882914e+00 3.825435e+00
9.160000e-01 -3.879502e+00 3.826706e+00
9.170000e-01 -3.876083e+00 3.827976e+00
9.180000e-01 -3.872656e+00 3.829246e+00
9.190000e-01 -3.869222e+00 3.830516e+00
9.200000e-01 -3.865780e+00 3.831785e+00
9.210000e-01 -3.862331e+00 3.833053e+00
9.220000e-01 -3.858874e+00 3.834322e+00
9.230000e-01 -3.855410e+00 3.835590e+00
9.240000e-01 -3.851938e+00 3.836857e+00
9.250000e-01 -3.848458e+00 3.838124e+00
9.260000e-01 -3.844970e+00 3.839391e+00
9.270000e-01 -3.841475e+00 3.840657e+00
9.280000e-01 -3.837973e+00 3.841923e+00
9.290000e-01 -3.834462e+00 3.843188e+00
9.300000e-01 -3.830944e+00 3.844453e+00
9.310000e-01 -3.827418e+00 3.845717e+00
9.320000e-01 -3.823884e+00 3.846981e+00
9.330000e-01 -3.820343e+00 3.848245e+00
9.340000e-01 -3.816794e+00 3.849508e+00
9.350000e-01 -3.813237e+00 3.850770e+00
9.360000e-01 -3.809672e+00 3.852032e+00
9.370000e-01 -3.806099e+00 3.853294e+00
9.380000e-01 -3.802519e+00 3.854555e+00
9.390000e-01 -3.798930e+00 3.855816e+00
9.400000e-01 -3.795334e+00 3.857077e+00
9.410000e-01 -3.791730e+00 3.858336e+00
9.420000e-01 -3.788118e+00 3.859596e+00
9.430000e-01 -3.784498e+00 3.860855e+00
9.440000e-01 -3.780870e+00 3.862113e+00
9.450000e-01 -3.777234e+00 3.863371e+00
9.460000e-01 -3.773590e+00 3.864629e+00
9.470000e-01 -3.769938e+00 3.865885e+00
9.480000e-01 -3.766278e+00 3.867142e+00
9.490000e-01 -3.762610e+00 3.868398e+00
9.500000e-01 -3.758934e+00 3.869654e+00
9.510000e-01 -3.755250e+00 3.870909e+00
9.520000e-01 -3.751557e+00 3.872163e+00
9.530000e-01 -3.747857e+00 3.873417e+00
9.540000e-01 -3.744148e+00 3.874671e+00
9.550000e-01 -3.740432e+00 3.875924e+00
9.560000e-01 -3.736707e+00 3.877176e+00
9.570000e-01 -3.732974e+00 3.878428e+00
9.580000e-01 -3.729233e+00 3.879680e+00
9.590000e-01 -3.725483e+00 3.880931e+00
9.600000e-01 -3.721725e+00 3.882181e+00
9.610000e-01 -3.717959e+00 3.883431e+00
9.620000e-01 -3.714185e+00 3.884680e+00
9.630000e-01 -3.710403e+00 3.885929e+00
9.640000e-01 -3.706612e+00 3.887178e+00
9.650000e-01 -3.702812e+00 3.888425e+00
9.660000e-01 -3.699005e+00 3.889673e+00
9.670000e-01 -3.695189e+00 3.890919e+00
9.680000e-01 -3.691365e+00 3.892166e+00
9.690000e-01 -3.687532e+00 3.893411e+00
9.700000e-01 -3.683691e+00 3.894656e+00
9.710000e-01 -3.679841e+00 3.895901e+00
9.720000e-01 -3.675983e+00 3.897145e+00
9.730000e-01 -3.672117e+00 3.898388e+00
9.740000e-01 -3.668241e+00 3.899631e+00
9.750000e-01 -3.664358e+00 3.900874e+00
9.760000e-01 -3.660466e+00 3.902115e+00
9.770000e-01 -3.656565e+00 3.903356e+00
9.780000e-01 -3.652656e+00 3.904597e+00
9.790000e-01 -3.648738e+00 3.905837e+00
9.800000e-01 -3.644812e+00 3.907077e+00
9.810000e-01 -3.640877e+00 3.908316e+00
9.820000e-01 -3.636933e+00 3.909554e+00
9.830000e-01 -3.632981e+00 3.910792e+00
9.840000e-01 -3.629020e+00 3.912029e+00
9.850000e-01 -3.625050e+00 3.913265e+00
9.860000e-01 -3.621071e+00 3.914501e+00
9.870000e-01 -3.617084e+00 3.915737e+00
9.880000e-01 -3.613088e+00 3.916972e+00
9.890000e-01 -3.609084e+00 3.918206e+00
9.900000e-01 -3.605070e+00 3.919439e+00
9.910000e-01 -3.601048e+00 3.920672e+00
9.920000e-01 -3.597017e+00 3.921905e+00
9.930000e-01 -3.592977e+00 3.923137e+00
9.940000e-01 -3.588928e+00 3.924368e+00
9.950000e-01 -3.584870e+00 3.925598e+00
9.960000e-01 -3.580803e+00 3.926828e+00
9.970000e-01 -3.576728e+00 3.928057e+00
9.980000e-01 -3.572643e+00 3.929286e+00
9.990000e-01 -3.568550e+00 3.930514e+00
1 -3.564447e+00 3.931741e+00
1.001000e+00 -3.560336e+00 3.932968e+00
1.002000e+00 -3.556215e+00 3.934194e+00
1.003000e+00 -3.552086e+00 3.935420e+00
1.004000e+00 -3.547947e+00 3.936645e+00
1.005000e+00 -3.543800e+00 3.937869e+00
1.006000e+00 -3.539643e+00 3.939092e+00
1.007000e+00 -3.535477e+00 3.940315e+00
1.008000e+00 -3.531302e+00 3.941537e+00
1.009000e+00 -3.527118e+00 3.942759e+00
1.010000e+00 -3.522925e+00 3.943980e+00
1.011000e+00 -3.518722e+00 3.945200e+00
1.012000e+00 -3.514511e+00 3.946419e+00
1.013000e+00 -3.510290e+00 3.947638e+00
1.014000e+00 -3.506060e+00 3.948856e+00
1.015000e+00 -3.501820e+00 3.950074e+00
1.016000e+00 -3.497572e+00 3.951291e+00
1.017000e+00 -3.493314e+00 3.952507e+00
1.018000e+00 -3.489047e+00 3.953722e+00
1.019000e+00 -3.484770e+00 3.954937e+00
1.020000e+00 -3.480484e+00 3.956151e+00
1.021000e+00 -3.476189e+00 3.957364e+00
1.022000e+00 -3.471884e+00 3.958576e+00
1.023000e+00 -3.467570e+00 3.959788e+00
1.024000e+00 -3.463247e+00 3.960999e+00
1.025000e+00 -3.458914e+00 3.962210e+00
1.026000e+00 -3.454571e+00 3.963419e+00
1.027000e+00 -3.450220e+00 3.964628e+00
1.028000e+00 -3.445858e+00 3.965836e+00
1.029000e+00 -3.441487e+00 3.967044e+00
1.030000e+00 -3.437107e+00 3.968250e+00
1.031000e+00 -3.432717e+00 3.969456e+00
1.032000e+00 -3.428318e+00 3.970662e+00
1.033000e+00 -3.423909e+00 3.971866e+00
1.034000e+00 -3.419490e+00 3.973070e+00
1.035000e+00 -3.415062e+00 3.974272e+00
1.036000e+00 -3.410624e+00 3.975474e+00
1.037000e+00 -3.406177e+00 3.976676e+00
1.038000e+00 -3.401719e+00 3.977876e+00
1.039000e+00 -3.397253e+00 3.979076e+00
1.040000e+00 -3.392776e+00 3.980275e+00
1.041000e+00 -3.388290e+00 3.981473e+00
1.042000e+00 -3.383794e+00 3.982670e+00
1.043000e+00 -3.379288e+00 3.983867e+00
1.044000e+00 -3.374773e+00 3.985062e+00
1.045000e+00 -3.370247e+00 3.986257e+00
1.046000e+00 -3.365712e+00 3.987451e+00
1.047000e+00 -3.361167e+00 3.988644e+00
1.048000e+00 -3.356613e+00 3.989837e+00
1.049000e+00 -3.352048e+00 3.991028e+00
1.050000e+00 -3.347474e+00 3.992219e+00
1.051000e+00 -3.342889e+00 3.993409e+00
1.052000e+00 -3.338295e+00 3.994597e+00
1.053000e+00 -3.333691e+00 3.995785e+00
1.054000e+00 -3.329077e+00 3.996973e+00
1.055000e+00 -3.324453e+00 3.998159e+00
1.056000e+00 -3.319819e+00 3.999344e+00
1.057000e+00 -3.315175e+00 4.000529e+00
1.058000e+00 -3.310521e+00 4.001712e+00
1.059000e+00 -3.305857e+00 4.002895e+00
1.060000e+00 -3.301183e+00 4.004077e+00
1.061000e+00 -3.296500e+00 4.005258e+00
1.062000e+00 -3.291805e+00 4.006438e+00
1.063000e+00 -3.287101e+00 4.007617e+00
1.064000e+00 -3.282387e+00 4.008795e+00
1.065000e+00 -3.277663e+00 4.009972e+00
1.066000e+00 -3.272929e+00 4.011148e+00
1.067000e+00 -3.268184e+00 4.012323e+00
1.068000e+00 -3.263430e+00 4.013497e+00
1.069000e+00 -3.258665e+00 4.014670e+00
1.070000e+00 -3.253890e+00 4.015843e+00
1.071000e+00 -3.249105e+00 4.017014e+00
1.072000e+00 -3.244310e+00 4.018184e+00
1.073000e+00 -3.239504e+00 4.019353e+00
1.074000e+00 -3.234688e+00 4.020521e+00
1.075000e+00 -3.229862e+00 4.021689e+00
1.076000e+00 -3.225026e+00 4.022855e+00
1.077000e+00 -3.220180e+00 4.024020e+00
1.078000e+00 -3.215323e+00 4.025184e+00
1.079000e+00 -3.210456e+00 4.026347e+00
1.080000e+00 -3.205579e+00 4.027509e+00
1.081000e+00 -3.200691e+00 4.028669e+00
1.082000e+00 -3.195793e+00 4.029829e+00
1.083000e+00 -3.190885e+00 4.030988e+00
1.084000e+00 -3.185967e+00 4.032145e+00
1.085000e+00 -3.181038e+00 4.033302e+00
1.086000e+00 -3.176099e+00 4.034457e+00
1.087000e+00 -3.171149e+00 4.035611e+00
1.088000e+00 -3.166189e+00 4.036764e+00
1.089000e+00 -3.161219e+00 4.037916e+00
1.090000e+00 -3.156238e+00 4.039066e+00
1.091000e+00 -3.151247e+00 4.040216e+00
1.092000e+00 -3.146245e+00 4.041364e+00
1.093000e+00 -3.141233e+00 4.042511e+00
1.094000e+00 -3.136211e+00 4.043657e+00
1.095000e+00 -3.131178e+00 4.044802e+00
1.096000e+00 -3.126135e+00 4.045945e+00
1.097000e+00 -3.121081e+00 4.047087e+00
1.098000e+00 -3.116017e+00 4.048228e+00
1.099000e+00 -3.110942e+00 4.049368e+00
1.100000e+00 -3.105857e+00 4.050506e+00
1.101000e+00 -3.100761e+00 4.051643e+00
1.102000e+00 -3.095655e+00 4.052779e+00
1.103000e+00 -3.090538e+00 4.053913e+00
1.104000e+00 -3.085411e+00 4.055046e+00
1.105000e+00 -3.080273e+00 4.056178e+00
1.106000e+00 -3.075125e+00 4.057308e+00
1.107000e+00 -3.069967e+00 4.058437e+00
1.108000e+00 -3.064797e+00 4.059565e+00
1.109000e+00 -3.059618e+00 4.060691e+00
1.110000e+00 -3.054427e+00 4.061816e+00
1.111000e+00 -3.049227e+00 4.062939e+00
1.112000e+00 -3.044015e+00 4.064061e+00
1.113000e+00 -3.038794e+00 4.065181e+00
1.114000e+00 -3.033561e+00 4.066300e+00
1.115000e+00 -3.028318e+00 4.067418e+00
1.116000e+00 -3.023065e+00 4.068534e+00
1.117000e+00 -3.017801e+00 4.069648e+00
1.118000e+00 -3.012526e+00 4.070761e+00
1.119000e+00 -3.007241e+00 4.071873e+00
1.120000e+00 -3.001946e+00 4.072982e+00
1.121000e+00 -2.996639e+00 4.074091e+00
1.122000e+00 -2.991323e+00 4.075197e+00
1.123000e+00 -2.985995e+00 4.076302e+00
1.124000e+00 -2.980658e+00 4.077406e+00
1.125000e+00 -2.975309e+00 4.078507e+00
1.126000e+00 -2.969951e+00 4.079607e+00
1.127000e+00 -2.964581e+00 4.080706e+00
1.128000e+00 -2.959201e+00 4.081802e+00
1.129000e+00 -2.953811e+00 4.082897e+00
1.130000e+00 -2.948410e+00 4.083991e+00
1.131000e+00 -2.942999e+00 4.085082e+00
1.132000e+00 -2.937577e+00 4.086172e+00
1.133000e+00 -2.932145e+00 4.087259e+00
1.134000e+00 -2.926702e+00 4.088345e+00
1.135000e+00 -2.921249e+00 4.089430e+00
1.136000e+00 -2.915785e+00 4.090512e+00
1.137000e+00 -2.910311e+00 4.091592e+00
1.138000e+00 -2.904826e+00 4.092671e+00
1.139000e+00 -2.899331e+00 4.093747e+00
1.140000e+00 -2.893825e+00 4.094822e+00
1.141000e+00 -2.888310e+00 4.095895e+00
1.142000e+00 -2.882783e+00 4.096965e+00
1.143000e+00 -2.877247e+00 4.098034e+00
1.144000e+00 -2.871700e+00 4.099101e+00
1.145000e+00 -2.866142e+00 4.100165e+00
1.146000e+00 -2.860575e+00 4.101228e+00
1.147000e+00 -2.854996e+00 4.102288e+00
1.148000e+00 -2.849408e+00 4.103346e+00
1.149000e+00 -2.843810e+00 4.104402e+00
1.150000e+00 -2.838201e+00 4.105456e+00
1.151000e+00 -2.832582e+00 4.106508e+00
1.152000e+00 -2.826952e+00 4.107557e+00
1.153000e+00 -2.821313e+00 4.108604e+00
1.154000e+00 -2.815663e+00 4.109649e+00
1.155000e+00 -2.810003e+00 4.110692e+00
1.156000e+00 -2.804333e+00 4.111732e+00
1.157000e+00 -2.798653e+00 4.112770e+00
1.158000e+00 -2.792963e+00 4.113805e+00
1.159000e+00 -2.787262e+00 4.114838e+00
1.160000e+00 -2.781552e+00 4.115868e+00
1.161000e+00 -2.775832e+00 4.116896e+00
1.162000e+00 -2.770101e+00 4.117922e+00
1.163000e+00 -2.764361e+00 4.118945e+00
1.164000e+00 -2.758611e+00 4.119965e+00
1.165000e+00 -2.752851e+00 4.120983e+00
1.166000e+00 -2.747081e+00 4.121998e+00
1.167000e+00 -2.741301e+00 4.123010e+00
1.168000e+00 -2.735511e+00 4.124020e+00
1.169000e+00 -2.729712e+00 4.125027e+00
1.170000e+00 -2.723903e+00 4.126031e+00
1.171000e+00 -2.718084e+00 4.127032e+00
1.172000e+00 -2.712256e+00 4.128031e+00
1.173000e+00 -2.706418e+00 4.129026e+00
1.174000e+00 -2.700570e+00 4.130019e+00
1.175000e+00 -2.694713e+00 4.131009e+00
1.176000e+00 -2.688847e+00 4.131996e+00
1.177000e+00 -2.682971e+00 4.132979e+00
1.178000e+00 -2.677085e+00 4.133960e+00
1.179000e+00 -2.671191e+00 4.134937e+00
1.180000e+00 -2.665287e+00 4.135912e+00
1.181000e+00 -2.659374e+00 4.136883e+00
1.182000e+00 -2.653451e+00 4.137851e+00
1.183000e+00 -2.647520e+00 4.138816e+00
1.184000e+00 -2.641579e+00 4.139777e+00
1.185000e+00 -2.635629e+00 4.140735e+00
1.186000e+00 -2.629670e+00 4.141690e+00
1.187000e+00 -2.623703e+00 4.142641e+00
1.188000e+00 -2.617726e+00 4.143589e+00
1.189000e+00 -2.611741e+00 4.144533e+00
1.190000e+00 -2.605747e+00 4.145474e+00
1.191000e+00 -2.599744e+00 4.146411e+00
1.192000e+00 -2.593733e+00 4.147344e+00
1.193000e+00 -2.587713e+00 4.148274e+00
1.194000e+00 -2.581684e+00 4.149200e+00
1.195000e+00 -2.575648e+00 4.150122e+00
1.196000e+00 -2.569602e+00 4.151040e+00
1.197000e+00 -2.563549e+00 4.151955e+00
1.198000e+00 -2.557487e+00 4.152865e+00
1.199000e+00 -2.551417e+00 4.153772e+00
1.200000e+00 -2.545339e+00 4.154674e+00
1.201000e+00 -2.539253e+00 4.155573e+00
1.202000e+00 -2.533159e+00 4.156467e+00
1.203000e+00 -2.527077e+00 4.157347e+00
1.204000e+00 -2.521023e+00 4.158203e+00
1.205000e+00 -2.514997e+00 4.159037e+00
1.206000e+00 -2.508999e+00 4.159847e+00
1.207000e+00 -2.503028e+00 4.160635e+00
1.208000e+00 -2.497084e+00 4.161401e+00
1.209000e+00 -2.491167e+00 4.162143e+00
1.210000e+00 -2.485276e+00 4.162864e+00
1.211000e+00 -2.479412e+00 4.163563e+00
1.212000e+00 -2.473574e+00 4.164239e+00
1.213000e+00 -2.467762e+00 4.164894e+00
1.214000e+00 -2.461975e+00 4.165527e+00
1.215000e+00 -2.456214e+00 4.166138e+00
1.216000e+00 -2.450478e+00 4.166728e+00
1.217000e+00 -2.444768e+00 4.167297e+00
1.218000e+00 -2.439082e+00 4.167844e+00
1.219000e+00 -2.433420e+00 4.168370e+00
1.220000e+00 -2.427783e+00 4.168875e+00
1.221000e+00 -2.422170e+00 4.169359e+00
1.222000e+00 -2.416581e+00 4.169823e+00
1.223000e+00 -2.411016e+00 4.170266e+00
1.224000e+00 -2.405474e+00 4.170688e+00
1.225000e+00 -2.399956e+00 4.171089e+00
1.226000e+00 -2.394461e+00 4.171471e+00
1.227000e+00 -2.388990e+00 4.171832e+00
1.228000e+00 -2.383541e+00 4.172173e+00
1.229000e+00 -2.378114e+00 4.172493e+00
1.230000e+00 -2.372711e+00 4.172794e+00
1.231000e+00 -2.367329e+00 4.173075e+00
1.232000e+00 -2.361970e+00 4.173336e+00
1.233000e+00 -2.356633e+00 4.173577e+00
1.234000e+00 -2.351318e+00 4.173799e+00
1.235000e+00 -2.346025e+00 4.174001e+00
1.236000e+00 -2.340753e+00 4.174183e+00
1.237000e+00 -2.335503e+00 4.174346e+00
1.238000e+00 -2.330274e+00 4.174490e+00
1.239000e+00 -2.325067e+00 4.174614e+00
1.240000e+00 -2.319880e+00 4.174719e+00
1.241000e+00 -2.314714e+00 4.174806e+00
1.242000e+00 -2.309569e+00 4.174873e+00
1.243000e+00 -2.304445e+00 4.174921e+00
1.244000e+00 -2.299341e+00 4.174950e+00
1.245000e+00 -2.294257e+00 4.174960e+00
1.246000e+00 -2.289194e+00 4.174952e+00
1.247000e+00 -2.284151e+00 4.174924e+00
1.248000e+00 -2.279128e+00 4.174878e+00
1.249000e+00 -2.274124e+00 4.174814e+00
1.250000e+00 -2.269141e+00 4.174731e+00
1.251000e+00 -2.264177e+00 4.174629e+00
1.252000e+00 -2.259233e+00 4.174509e+00
1.253000e+00 -2.254308e+00 4.174371e+00
1.254000e+00 -2.249402e+00 4.174214e+00
1.255000e+00 -2.244516e+00 4.174039e+00
1.256000e+00 -2.239649e+00 4.173846e+00
1.257000e+00 -2.234801e+00 4.173634e+00
1.258000e+00 -2.229971e+00 4.173405e+00
1.259000e+00 -2.225161e+00 4.173157e+00
1.260000e+00 -2.220369e+00 4.172892e+00
1.261000e+00 -2.215596e+00 4.172608e+00
1.262000e+00 -2.210841e+00 4.172307e+00
1.263000e+00 -2.206105e+00 4.171987e+00
1.264000e+00 -2.201387e+00 4.171650e+00
1.265000e+00 -2.196688e+00 4.171295e+00
1.266000e+00 -2.192006e+00 4.170922e+00
1.267000e+00 -2.187343e+00 4.170531e+00
1.268000e+00 -2.182698e+00 4.170123e+00
1.269000e+00 -2.178070e+00 4.169697e+00
1.270000e+00 -2.173461e+00 4.169254e+00
1.271000e+00 -2.168869e+00 4.168793e+00
1.272000e+00 -2.164295e+00 4.168314e+00
1.273000e+00 -2.159738e+00 4.167818e+00
1.274000e+00 -2.155199e+00 4.167304e+00
1.275000e+00 -2.150678e+00 4.166773e+00
1.276000e+00 -2.146173e+00 4.166225e+00
1.277000e+00 -2.141687e+00 4.165659e+00
1.278000e+00 -2.137217e+00 4.165076e+00
1.279000e+00 -2.132764e+00 4.164475e+00
1.280000e+00 -2.128329e+00 4.163858e+00
1.281000e+00 -2.123911e+00 4.163223e+00
1.282000e+00 -2.119509e+00 4.162570e+00
1.283000e+00 -2.115125e+00 4.161901e+00
1.284000e+00 -2.110757e+00 4.161214e+00
1.285000e+00 -2.106407e+00 4.160511e+00
1.286000e+00 -2.102073e+00 4.159790e+00
1.287000e+00 -2.097755e+00 4.159052e+00
1.288000e+00 -2.093454e+00 4.158297e+00
1.289000e+00 -2.089170e+00 4.157524e+00
1.290000e+00 -2.084903e+00 4.156735e+00
1.291000e+00 -2.080651e+00 4.155929e+00
1.292000e+00 -2.076416e+00 4.155106e+00
1.293000e+00 -2.072198e+00 4.154266e+00
1.294000e+00 -2.067996e+00 4.153409e+00
1.295000e+00 -2.063810e+00 4.152535e+00
1.296000e+00 -2.059640e+00 4.151644e+00
1.297000e+00 -2.055487e+00 4.150736e+00
1.298000e+00 -2.051349e+00 4.149811e+00
1.299000e+00 -2.047228e+00 4.148869e+00
1.300000e+00 -2.043122e+00 4.147911e+00
1.301000e+00 -2.039033e+00 4.146936e+00
1.302000e+00 -2.034960e+00 4.145943e+00
1.303000e+00 -2.030902e+00 4.144935e+00
1.304000e+00 -2.026860e+00 4.143909e+00
1.305000e+00 -2.022835e+00 4.142866e+00
1.306000e+00 -2.018825e+00 4.141807e+00
1.307000e+00 -2.014830e+00 4.140731e+00
1.308000e+00 -2.010852e+00 4.139638e+00
1.309000e+00 -2.006889e+00 4.138528e+00
1.310000e+00 -2.002941e+00 4.137402e+00
1.311000e+00 -1.999010e+00 4.136259e+00
1.312000e+00 -1.995094e+00 4.135099e+00
1.313000e+00 -1.991193e+00 4.133923e+00
1.314000e+00 -1.987308e+00 4.132730e+00
1.315000e+00 -1.983439e+00 4.131520e+00
1.316000e+00 -1.979585e+00 4.130293e+00
1.317000e+00 -1.975746e+00 4.129050e+00
1.318000e+00 -1.971923e+00 4.127790e+00
1.319000e+00 -1.968115e+00 4.126514e+00
1.320000e+00 -1.964323e+00 4.125221e+00
1.321000e+00 -1.960546e+00 4.123911e+00
1.322000e+00 -1.956784e+00 4.122584e+00
1.323000e+00 -1.953037e+00 4.121241e+00
1.324000e+00 -1.949306e+00 4.119881e+00
1.325000e+00 -1.945590e+00 4.118504e+00
1.326000e+00 -1.941890e+00 4.117111e+00
1.327000e+00 -1.938204e+00 4.115701e+00
1.328000e+00 -1.934534e+00 4.114275e+00
1.329000e+00 -1.930879e+00 4.112832e+00
1.330000e+00 -1.927239e+00 4.111372e+00
1.331000e+00 -1.923614e+00 4.109896e+00
1.332000e+00 -1.920004e+00 4.108402e+00
1.333000e+00 -1.916410e+00 4.106893e+00
1.334000e+00 -1.912830e+00 4.105366e+00
1.335000e+00 -1.909266e+00 4.103823e+00
1.336000e+00 -1.905717e+00 4.102263e+00
1.337000e+00 -1.902182e+00 4.100687e+00
1.338000e+00 -1.898663e+00 4.099094e+00
1.339000e+00 -1.895159e+00 4.097484e+00
1.340000e+00 -1.891670e+00 4.095857e+00
1.341000e+00 -1.888196e+00 4.094214e+00
1.342000e+00 -1.884737e+00 4.092554e+00
1.343000e+00 -1.881293e+00 4.090878e+00
1.344000e+00 -1.877864e+00 4.089184e+00
1.345000e+00 -1.874450e+00 4.087474e+00
1.346000e+00 -1.871052e+00 4.085747e+00
1.347000e+00 -1.867668e+00 4.084004e+00
1.348000e+00 -1.864299e+00 4.082243e+00
1.349000e+00 -1.860945e+00 4.080466e+00
1.350000e+00 -1.857606e+00 4.078672e+00
1.351000e+00 -1.854282e+00 4.076862e+00
1.352000e+00 -1.850973e+00 4.075034e+00
1.353000e+00 -1.847679e+00 4.073190e+00
1.354000e+00 -1.844400e+00 4.071329e+00
1.355000e+00 -1.841136e+00 4.069451e+00
1.356000e+00 -1.837888e+00 4.067556e+00
1.357000e+00 -1.834654e+00 4.065645e+00
1.358000e+00 -1.831435e+00 4.063716e+00
1.359000e+00 -1.828231e+00 4.061771e+00
1.360000e+00 -1.825042e+00 4.059809e+00
1.361000e+00 -1.821868e+00 4.057829e+00
1.362000e+00 -1.818710e+00 4.055833e+00
1.363000e+00 -1.815566e+00 4.053820e+00
1.364000e+00 -1.812437e+00 4.051790e+00
1.365000e+00 -1.809324e+00 4.049743e+00
1.366000e+00 -1.806225e+00 4.047679e+00
1.367000e+00 -1.803142e+00 4.045598e+00
1.368000e+00 -1.800073e+00 4.043500e+00
1.369000e+00 -1.797020e+00 4.041384e+00
1.370000e+00 -1.793982e+00 4.039252e+00
1.371000e+00 -1.790959e+00 4.037103e+00
1.372000e+00 -1.787951e+00 4.034936e+00
1.373000e+00 -1.784958e+00 4.032753e+00
1.374000e+00 -1.781981e+00 4.030552e+00
1.375000e+00 -1.779018e+00 4.028334e+00
1.376000e+00 -1.776071e+00 4.026099e+00
1.377000e+00 -1.773139e+00 4.023846e+00
1.378000e+00 -1.770222e+00 4.021577e+00
1.379000e+00 -1.767321e+00 4.019290e+00
1.380000e+00 -1.764435e+00 4.016985e+00
1.381000e+00 -1.761564e+00 4.014664e+00
1.382000e+00 -1.758708e+00 4.012325e+00
1.383000e+00 -1.755868e+00 4.009969e+00
1.384000e+00 -1.753043e+00 4.007595e+00
1.385000e+00 -1.750233e+00 4.005204e+00
1.386000e+00 -1.747439e+00 4.002795e+00
1.387000e+00 -1.744660e+00 4.000369e+00
1.388000e+00 -1.741897e+00 3.997926e+00
1.389000e+00 -1.739149e+00 3.995465e+00
1.390000e+00 -1.736416e+00 3.992986e+00
1.391000e+00 -1.733699e+00 3.990490e+00
1.392000e+00 -1.730998e+00 3.987976e+00
1.393000e+00 -1.728312e+00 3.985444e+00
1.394000e+00 -1.725642e+00 3.982895e+00
1.395000e+00 -1.722987e+00 3.980328e+00
1.396000e+00 -1.720348e+00 3.977743e+00
1.397000e+00 -1.717725e+00 3.975141e+00
1.398000e+00 -1.715117e+00 3.972521e+00
1.399000e+00 -1.712525e+00 3.969882e+00
1.400000e+00 -1.709949e+00 3.967226e+00
1.401000e+00 -1.707388e+00 3.964553e+00
1.402000e+00 -1.704843e+00 3.961861e+00
1.403000e+00 -1.702315e+00 3.959151e+00
1.404000e+00 -1.699802e+00 3.956423e+00
1.405000e+00 -1.697305e+00 3.953677e+00
1.406000e+00 -1.694823e+00 3.950913e+00
1.407000e+00 -1.692358e+00 3.948131e+00
1.408000e+00 -1.689909e+00 3.945331e+00
1.409000e+00 -1.687476e+00 3.942513e+00
1.410000e+00 -1.685059e+00 3.939676e+00
1.411000e+00 -1.682658e+00 3.936821e+00
1.412000e+00 -1.680273e+00 3.933948e+00
1.413000e+00 -1.677904e+00 3.931056e+00
1.414000e+00 -1.675552e+00 3.928147e+00
1.415000e+00 -1.673216e+00 3.925218e+00
1.416000e+00 -1.670896e+00 3.922271e+00
1.417000e+00 -1.668592e+00 3.919306e+00
1.418000e+00 -1.666305e+00 3.916322e+00
1.419000e+00 -1.664034e+00 3.913320e+00
1.420000e+00 -1.661780e+00 3.910299e+00
1.421000e+00 -1.659542e+00 3.907259e+00
1.422000e+00 -1.657320e+00 3.904201e+00
1.423000e+00 -1.655115e+00 3.901124e+00
1.424000e+00 -1.652927e+00 3.898028e+00
1.425000e+00 -1.650755e+00 3.894913e+00
1.426000e+00 -1.648600e+00 3.891780e+00
1.427000e+00 -1.646462e+00 3.888627e+00
1.428000e+00 -1.644340e+00 3.885456e+00
1.429000e+00 -1.642235e+00 3.882265e+00
1.430000e+00 -1.640148e+00 3.879056e+00
1.431000e+00 -1.638077e+00 3.875827e+00
1.432000e+00 -1.636022e+00 3.872579e+00
1.433000e+00 -1.633985e+00 3.869312e+00
1.434000e+00 -1.631965e+00 3.866026e+00
1.435000e+00 -1.629962e+00 3.862721e+00
1.436000e+00 -1.627976e+00 3.859396e+00
1.437000e+00 -1.626007e+00 3.856052e+00
1.438000e+00 -1.624056e+00 3.852688e+00
1.439000e+00 -1.622121e+00 3.849305e+00
1.440000e+00 -1.620204e+00 3.845903e+00
1.441000e+00 -1.618304e+00 3.842481e+00
1.442000e+00 -1.616422e+00 3.839039e+00
1.443000e+00 -1.614557e+00 3.835578e+00
1.444000e+00 -1.612709e+00 3.832097e+00
1.445000e+00 -1.610879e+00 3.828596e+00
1.446000e+00 -1.609067e+00 3.825076e+00
1.447000e+00 -1.607272e+00 3.821535e+00
1.448000e+00 -1.605495e+00 3.817975e+00
1.449000e+00 -1.603735e+00 3.814395e+00
1.450000e+00 -1.601993e+00 3.810795e+00
1.451000e+00 -1.600269e+00 3.807174e+00
1.452000e+00 -1.598563e+00 3.803534e+00
1.453000e+00 -1.596875e+00 3.799873e+00
1.454000e+00 -1.595205e+00 3.796193e+00
1.455000e+00 -1.593552e+00 3.792492e+00
1.456000e+00 -1.591918e+00 3.788771e+00
1.457000e+00 -1.590302e+00 3.785029e+00
1.458000e+00 -1.588703e+00 3.781267e+00
1.459000e+00 -1.587123e+00 3.777485e+00
1.460000e+00 -1.585562e+00 3.773682e+00
1.461000e+00 -1.584018e+00 3.769859e+00
1.462000e+00 -1.582493e+00 3.766015e+00
1.463000e+00 -1.580986e+00 3.762151e+00
1.464000e+00 -1.579497e+00 3.758265e+00
1.465000e+00 -1.578027e+00 3.754359e+00
1.466000e+00 -1.576576e+00 3.750433e+00
1.467000e+00 -1.575143e+00 3.746485e+00
1.468000e+00 -1.573728e+00 3.742517e+00
1.469000e+00 -1.572332e+00 3.738528e+00
1.470000e+00 -1.570955e+00 3.734518e+00
1.471000e+00 -1.569597e+00 3.730486e+00
1.472000e+00 -1.568257e+00 3.726434e+00
1.473000e+00 -1.566936e+00 3.722361e+00
1.474000e+00 -1.565634e+00 3.718267e+00
1.475000e+00 -1.564351e+00 3.714151e+00
1.476000e+00 -1.563086e+00 3.710014e+00
1.477000e+00 -1.561841e+00 3.705856e+00
1.478000e+00 -1.560615e+00 3.701677e+00
1.479000e+00 -1.559407e+00 3.697476e+00
1.480000e+00 -1.558219e+00 3.693254e+00
1.481000e+00 -1.557050e+00 3.689010e+00
1.482000e+00 -1.555900e+00 3.684745e+00
1.483000e+00 -1.554769e+00 3.680459e+00
1.484000e+00 -1.553658e+00 3.676151e+00
1.485000e+00 -1.552565e+00 3.671821e+00
1.486000e+00 -1.551492e+00 3.667470e+00
1.487000e+00 -1.550438e+00 3.663098e+00
1.488000e+00 -1.549404e+00 3.658703e+00
1.489000e+00 -1.548389e+00 3.654287e+00
1.490000e+00 -1.547393e+00 3.649849e+00
1.491000e+00 -1.546417e+00 3.645390e+00
1.492000e+00 -1.545460e+00 3.640908e+00
1.493000e+00 -1.544523e+00 3.636405e+00
1.494000e+00 -1.543605e+00 3.631880e+00
1.495000e+00 -1.542707e+00 3.627333e+00
1.496000e+00 -1.541828e+00 3.622765e+00
1.497000e+00 -1.540969e+00 3.618174e+00
1.498000e+00 -1.540130e+00 3.613562e+00
1.499000e+00 -1.539310e+00 3.608927e+00
1.500000e+00 -1.538509e+00 3.604271e+00
